0,517
0,472
90,3
90,2
90,1
90,0
89,3
89,2
89,1
89,0
88,3
88,2
88,1
88,0
87,4
87,3
87,2
87,1
87,0
86,4
86,3
86,2
86,1
86,0
85,3
85,2
85,1
85,0
84,35
10,67
10,311
10,69
10,189
10,240
10,92
10,271
11,15
11,27
11,10
11,26
11,6
11,9
8,6
8,4
8,17
8,15
8,11
8,16
8,2
8,3
12,2
12,1
12,3
20,2
20,1
20,3
19,2
19,1
19,3
83,3
83,2
83,1
83,0
82,3
82,2
82,1
82,0
81,3
81,2
81,1
81,0
80,4
80,3
80,2
80,1
80,0
79,4
79,3
79,2
79,1
79,0
78,3
78,2
78,1
78,0
11,30
18,1
18,3
11,29
11,28
11,21
11,20
11,19
11,12
11,3
11,2
11,1
10,300
10,295
10,237
10,202
10,146
10,145
10,72
2,2
10,68
10,3
10,2
10,1
9,7
9,6
9,4
